10,267
10,119
10,109
10,23
10,7
10,163
10,69
10,173
10,2
10,3
11,29
11,19
11,20
9,5
9,1
9,7
9,2
9,3
8,5
8,12
8,9
8,4
8,16
8,14
8,17
48,4
48,3
48,2
48,1
48,0
47,4
47,3
47,2
47,1
47,0
44,4
44,3
44,2
44,1
44,0
43,4
43,3
43,2
43,1
43,0
41,5
41,4
41,3
41,2
41,1
41,0
38,5
38,4
38,3
38,2
38,1
38,0
36,5
36,4
36,3
36,2
36,1
36,0
34,5
34,4
34,3
34,2
34,1
24,3
24,1
20,3
20,2
20,1
19,3
19,2
19,1
12,3
12,2
12,1
11,27
11,26
11,25
18,1
11,24
18,3
11,22
11,21
11,18
11,15
11,14
11,13
11,9
14,1
11,8
14,3
11,5
11,3
13,1
11,2
13,3
11,1
10,311
10,309
10,287
10,273
10,207
10,205
